920007
227575
284904
20815
347044
73791
59998
110003
37167
8258
42549
15455
170277
125031
645710
39221
320054
413316
553756
825764
130769
8020
460827
3277
37059
210855
309017
62101
703215
11345
63361
324882
305799
359648
255241
20175
386696
778533
25906
234563
266662
470512
98088
786111
140631
15870
748040
140921
332542
743998
861798
314733
162275
206036
11147
188672
50250
18965
56532
478899
263738
130608
9268
268
652105
35388
914328
537132
83891
83554
940952
106199
536675
56541
656013
319816
667293
849924
812032
3603
659334
842262
376144
790865
14588
808271
542492
664016
512643
290541
71931
663021
42594
575515
115620
220383
701919
89243
821275
7491
95118
160473
278102
657219
763802
897174
30452
333726
121223
496629
76056
494183
957334
642639
237446
570094
334281
96852
202435
199895
733236
858059
145594
263368
6655
143249
165781
393687
651129
367829
489182
93567
504337
26255
86860
7836
390602
144961
333836
582258
947611
94551
298550
382581
135503
12196
202776
897073
128728
730428
44856
44510
846630
54862
803908
499148
753173
74661
2304
792064
611393
435489
174751
471338
729925
889
690990
919016
155562
572805
63034
928726
20549
819617
278169
859776
596072
677790
143509
173656
182651
31230
112852
78412
397151
84795
711961
420914
5624
283150
908283
53015
575736
309557
57298
555640
578937
7774
326054
114781
32152
321684
176256
144644
71871
858125
692830
46648
851316
229729
330327
10786
39066
211988
648602
307195
44321
280252
26978
3596
12707
649059
225817
282592
66006
263188
392965
112993
183993
838579
36678
848267
19887
350916
198333
2871
4743
444499
725127
413092
703907
38072
805045
309225
234607
20893
228255
857023
903693
11303
293354
357191
784433
56553
38795
156806
12966
536691
661829
582411
101038
268283
341702
796188
103621
6640
902295
60657
529895
460229
309377
913019
18496
15897
475352
439771
693782
23713
7652
310738
903471
231233
638922
9591
77543
239174
280419
268900
608615
319970
70657
68593
682851
70806
893947
119885
880398
284943
22162
43085
19430
119791
346147
5015
780485
396499
267071
105125
825630
3910
96957
793011
18512
473624
143511
234612
682542
905333
164780
8618
62976
374413
44339
75175
66771
147633
75928
369720
240511
86530
221840
182112
383445
495601
212753
94020
43216
368944
266189
633869
104023
214776
41463
125618
237317
673395
278312
118003
207532
99613
2113
892948
80826
19660
81679
950436
858865
298429
775542
21699
306708
780276
667590
818498
33105
47936
682934
15833
309738
38943
256312
241557
167460
40039
794176
12638
803561
361415
457219
3096
70087
477472
209301
851642
894363
317711
664953
221743
770506
74294
839080
90754
27905
471777
160548
41207
376655
630725
3173
874875
329313
24745
76769
913039
208405
485305
909938
612371
289183
100400
5541
299392
9337
83166
30954
153385
419338
27088
760400
674198
534614
66552
706823
672296
70783
16789
25512
32658
46033
182201
641298
485121
391010
8642
205461
53988
423904
340149
127839
654764
569875
135342
936240
107
13523
383562
15459
665557
322169
295
3437
10877
123510
151662
68025
904787
471245
3389
250453
643175
764476
56108
92303
3552
27158
254978
227032
723579
106353
860171
503935
795453
167654
20751
23786
178930
60696
75486
88384
604985
57851
871558
734656
116673
321916
5299
28071
267683
72499
69137
73344
113464
280133
1512
99579
13700
679405
141890
282982
680055
294338
955215
64031
645829
326410
334010
43323
70813
839209
835494
251056
322821
240137
793877
315582
808564
17651
952294
803633
97038
144291
262925
849121
24737
642550
342953
716380
228242
84896
6361
349369
443000
717178
19943
532681
46487
177693
484977
96766
6613
59045
677167
792074
252505
848197
64610
310909
12054
524804
734264
161478
9127
5019
268484
795777
577186
811455
753566
181454
84176
13768
52040
490036
818403
800861
24930
103588
20674
11459
572498
64825
952230
8782
69903
265841
944189
540313
56849
734388
144152
855665
50668
747598
252148
475245
69115
682402
741338
126629
928240
101275
143092
502691
1518
751903
764547
904327
387604
449123
108587
28162
839949
130850
785713
383920
550795
427224
746159
742411
135736
681160
646414
118129
368695
365807
398442
10079
154
221647
77117
307330
675784
86029
204160
203145
205599
813113
62323
62562
348485
162706
50840
110252
163229
885160
532740
1810
5715
480147
90288
776337
43364
292016
849637
747831
43576
591247
665333
292434
158446
108671
309552
239904
114393
174668
673306
506636
69994
850757
144762
18204
2325
837392
475087
223261
139960
176502
830445
372899
162804
404405
321957
9425
21405
64826
498009
23787
7088
248979
33617
119647
818748
1409
53272
850596
11657
350284
31466
858007
284945
678116
891624
45079
163918
2541
38101
417729
288207
41250
330091
21493
280709
212913
218615
383247
373690
38754
687084
650596
19580
494052
571311
7920
126891
573612
9004
20553
21897
77015
334299
366824
9194
673754
20700
178848
293406
690895
115469
309868
29968
734591
651125
63920
660463
316190
864225
399886
419541
39218
261009
368043
671431
502017
7289
63474
913060
912058
76352
680330
85431
7929
308886
322838
187154
217821
9348
17061
7977
51094
1288
147621
335361
1837
39415
80875
151686
909959
38663
661654
171281
43208
30092
791359
260396
109669
77550
350582
242895
831694
18086
28184
77012
647993
170843
75955
735802
32451
276525
537739
92313
937133
364813
12073
888307
788519
647138
760631
35037
323166
200736
6377
8582
94897
110431
228196
12410
725785
679295
336579
28202
324088
96458
906832
306786
192984
716333
260957
64482
678599
82713
90840
104741
35748
51023
292040
38149
533127
698943
917467
234443
6416
885029
303646
134180
412
676560
822655
12100
57087
662226
200496
496026
24313
19971
699274
680286
449502
7473
270508
30174
30741
7035
400470
116923
89293
326146
163462
105442
689713
86561
170805
855836
480497
719947
23747
60607
62649
290065
139319
1695
867582
103626
43097
24518
71716
641347
78730
367256
648868
335338
50478
727827
23596
676272
1218
82289
46808
922
678138
890813
502103
49562
40924
633859
316405
793929
10596
145048
156857
917073
202731
332866
852981
679288
770124
49514
98945
458349
4311
439963
232861
38888
38206
333439
883249
23187
40068
415228
359316
38763
892965
298834
496628
679509
319973
651619
301473
346991
930624
66114
763792
195677
25827
747735
767699
1657
111121
673925
7867
130450
156649
676841
485972
165099
858089
717252
10141
130855
4421
128131
60410
814241
272636
110307
677878
361
373519
27857
12973
297112
7029
552832
278337
77356
133711
162236
6334
411219
14423
449235
197355
215224
408054
858797
919029
66347
306122
164804
296831
762788
644741
722117
252475
600014
807589
279350
57479
737579
69945
402355
228200
786410
853224
65462
73829
171678
94708
169768
289356
12051
311889
240547
376522
375025
626040
91240
197426
81114
659192
12979
139882
10008
319692
398447
190113
338090
7941
30308
325443
188715
67038
648981
661587
158431
62065
163453
153219
260938
268047
121993
765395
792243
20427
182307
599308
9877
830006
76031
14797
423412
117326
69940
322629
921484
783390
173611
10666
7430
77845
373995
23699
656464
857392
16745
385563
13287
93952
173451
118520
600721
188368
340291
183701
16080
691505
641637
926529
233866
652896
385138
682895
1584
106653
865178
84812
3382
865604
566461
290145
266380
77560
63078
144938
161416
12261
124260
99365
319585
12816
678483
941975
672660
821454
8201
237068
628236
22991
17417
349978
203181
904544
63738
71243
198066
552808
12845
519029
793335
45312
38453
827465
128176
40537
29182
63863
78507
63345
681754
200691
113137
118840
48308
12813
512497
97800
867591
711484
519119
220150
508286
278990
723941
183242
262902
496001
572800
230359
822994
30585
122976
674488
791664
696945
301463
693325
770432
8916
18747
83387
384843
505844
40947
303883
230909
763364
548095
7950
575
189115
22084
454583
519578
175248
816698
466316
114851
78900
459369
316392
805236
6159
277971
18513
689456
625882
408
288957
144446
50945
38974
699579
10762
288905
95238
83403
725420
28289
38198
97563
614495
88413
15174
719442
9123
652041
286775
263459
301024
22166
4684
826305
190205
784364
856313
89082
111371
2397
188644
158886
14450
928331
299627
28353
124197
268724
387417
337995
147023
401927
546643
110482
293094
832897
682249
72812
168336
38188
164382
275028
350932
38727
766833
287362
475260
776306
306943
12241
154358
265805
77307
233085
67111
39122
337660
858432
413
405474
283630
825697
652899
12433
854730
63996
426497
374865
156346
304549
262355
831802
187614
115055
369664
237788
185368
326062
742785
40191
477562
203001
10403
425685
282861
51146
804084
649180
95288
58023
40379
395193
73644
320025
410815
926161
46357
84205
369044
416444
292322
27582
169325
120279
221721
129557
365406
809492
901489
464725
75943
269397
90021
28784
364
738725
157869
18732
112243
637455
503590
38800
330368
67182
28767
37974
224472
689231
6838
20371
74290
423116
44903
122212
147558
182640
407358
26871
132605
241483
200729
428427
22248
64625
210927
698836
200225
245916
446699
6248
189598
453577
681609
60895
881569
92534
204139
516388
79015
909436
262344
6740
496259
272193
295635
195071
761581
4208
54666
94692
63351
6572
233892
37335
79178
48715
850084
823125
252311
151326
741956
590471
10237
676367
534910
163418
24439
247352
8215
64322
133471
43438
118860
57324
648308
354435
914303
734501
45328
49435
158956
42516
596664
729142
15880
62080
47765
451225
737114
141519
126454
43279
252151
23472
277208
332346
35109
523528
607776
147493
93564
419388
37556
944843
92399
8558
766924
13400
368488
2402
25463
165237
116750
133558
935561
377470
763072
13498
902148
291566
766497
796903
173159
645968
740636
421099
816363
205140
84288
485957
641216
77987
108661
332335
105394
35070
775888
900158
630528
257201
209204
780123
140574
918089
133040
99036
409591
240073
183009
20644
108664
366073
75535
72250
219044
486774
135001
755396
69516
154943
806783
730698
913035
801443
205384
834157
788689
792114
288838
717084
835882
664947
157203
104394
303767
742011
244895
703272
889253
711881
137972
199138
92203
108464
514212
2457
672145
646358
765254
343630
12562
301749
27069
99904
1561
8019
597150
751530
220732
337278
80208
187843
197587
75715
308403
9419
862144
263323
45450
174899
17481
122076
248984
121254
742121
615273
86995
597933
766276
822407
850090
294662
594664
722220
734292
198175
893433
720590
75616
36283
206844
780924
279052
29777
64641
331788
5001
25098
480203
240416
80972
47393
492636
678399
12894
125059
563498
23383
199283
343043
64494
261419
173199
206529
334678
110110
18441
234504
4836
244177
23784
61172
337130
153732
67339
45691
825883
252459
44714
165236
264522
678626
20171
922625
60705
18820
860964
639504
455362
569960
487260
403543
145150
255590
415103
73376
7448
23292
11428
391166
41314
236420
291162
95276
67476
130726
107897
4373
673450
6147
90302
200794
3118
140612
536931
338277
867544
459367
241957
717932
193910
90717
142982
758139
97130
28211
821850
693439
55484
75498
240304
54947
805230
718032
658729
2998
660078
240074
316517
121219
423380
578618
777938
749651
181515
365947
60875
247252
88611
801828
168399
36889
240198
463076
656791
43203
130622
305636
224988
933389
1354
717101
35218
77651
89040
801244
73403
818408
228222
640287
13776
157360
884
318553
259139
326023
16801
150610
758254
195277
774127
83677
273048
492194
100838
770222
94889
59306
21809
23055
198831
21394
581845
558970
9558
43552
609364
851639
481876
209776
771257
83208
151856
10411
207647
6761
39670
120350
774992
36042
377442
570478
225060
149545
153024
734857
482159
158928
332187
887729
924220
159738
630815
35149
43421
364819
805520
837815
225178
4475
4954
25213
242057
156540
92262
237665
126785
59573
21003
216903
257557
181626
859345
298049
354554
288737
316849
642971
332495
45263
12473
272924
372209
675590
276187
639860
372500
50474
15856
116307
394009
126693
11072
16331
138891
1644
588225
49483
832880
136941
246131
324021
8070
241141
296780
481342
501378
263079
96800
760883
223245
287875
250559
337998
3330
457684
370
4764
792167
609952
864406
105929
63844
94880
940124
238923
438292
642244
62282
70420
79160
214968
377218
726578
506098
695641
840961
642504
77371
184714
3400
100388
333896
656951
83776
1624
20441
309087
24604
31124
94552
29723
263285
308720
648181
729924
814401
304562
65464
117942
276012
375883
50947
306793
30979
859902
105871
63247
224845
799936
36725
935780
210131
764362
13566
159170
362168
642873
211307
73877
369348
956439
809872
104212
813642
477168
200460
24320
2349
43099
855086
387867
109194
273626
33465
543441
492344
671918
291453
278310
92163
203369
15617
401449
698745
856033
375354
661852
24181
633532
368179
416000
70483
680278
240413
415989
373289
1896
847251
45299
90003
239531
65605
142129
792581
12910
22822
216762
238142
49034
361294
63839
8498
10159
235030
15573
474960
3754
6833
49281
845104
319625
654453
63074
233333
23825
344327
851038
323598
15016
480318
1426
783388
27191
797911
102506
313077
455449
98513
17670
17108
103710
917320
290254
7905
11144
495045
57181
403143
88569
4343
543394
150518
132459
266905
64817
479209
88260
849578
43177
584250
345408
409231
89845
76963
59839
275014
283673
247816
795111
366860
263435
252411
725086
458189
69661
13235
672195
172759
324315
741676
760364
7483
75147
342948
212947
478686
40953
110448
69614
179080
912640
334879
433682
192089
746206
690
7130
83926
726391
17434
28433
377362
322823
190064
696167
66225
40375
478541
63962
553900
726334
905394
874864
822466
836704
7022
953187
495597
97749
682683
723297
66968
823748
365687
547336
60421
44289
784289
595099
530710
827543
169041
2030
760134
135897
559723
944894
14831
90131
38759
298775
426656
181695
758372
42178
367789
768035
202679
232819
794449
365892
241440
308632
20682
157665
155820
184707
771832
457706
119575
44491
181653
249373
200454
136031
34647
754946
44147
69091
492667
111309
77640
40864
200356
126308
528391
51201
11120
638039
856186
663053
65414
258010
65361
303
465109
811132
582963
666464
278744
806703
76654
144830
822980
814883
11227
42889
463743
57753
291066
813636
71712
26837
1653
410910
207011
9231
173528
16512
23186
692283
757556
933032
215485
387523
27103
316881
84792
940132
259737
656563
644622
1100
306670
151043
350671
92663
362908
204146
944377
261070
508107
764178
93930
39136
635842
83072
755947
74499
199891
106364
763916
311535
378166
21419
119351
249188
54758
241155
12222
646143
130710
111129
444979
148501
100504
70904
313071
949379
295850
449095
225239
913044
15586
799779
19102
3914
822448
18899
331679
1035
904522
22221
69791
53439
14843
663351
797980
537632
313742
714648
21423
123983
61893
668294
822999
38345
954610
13663
308125
732812
182181
754523
307448
27134
159913
315639
224667
99920
543797
424492
820159
921
4926
656863
209134
92626
338938
553288
328217
21386
119724
681685
18260
689802
215878
84852
281445
439589
8762
596208
206575
117222
270993
455497
686237
544090
187930
9972
82058
250043
403329
763201
937519
260639
199410
784291
687920
20820
219683
63592
345390
736673
751905
336201
176983
885604
45831
503410
114951
150491
444880
915233
2589
150565
188770
218428
16639
258025
76582
415193
7089
913020
135002
604480
781788
145175
154029
112175
4470
333625
69960
295279
395831
205595
860875
89046
738365
64987
282886
253264
348263
663054
30830
680108
9302
32159
376104
179489
221667
374438
271287
719961
950962
212836
74224
852990
492534
202320
715566
48889
676796
51836
788730
611375
70142
387561
760635
398
861320
295905
130762
394503
191964
394254
429957
21684
633491
223048
256035
445418
64151
89260
450617
834062
831461
413772
2027
863869
779923
724269
413314
125548
230324
757914
198426
350223
837757
708981
81690
67555
144409
285410
402482
830649
7502
45422
83108
247077
833827
3468
3035
268694
717354
332122
859380
291827
168652
74236
95053
205
19123
648285
851548
357174
745781
159343
56490
56498
311770
145143
366032
92885
8239
150619
879368
2181
72733
349018
173774
161142
2164
121040
702039
141706
257179
955754
129919
154014
630916
476971
23607
929069
780004
409379
726134
688020
38401
261155
702460
904157
250984
878987
906130
676218
82298
957622
643642
118240
17123
1681
93080
163576
465421
311867
13186
94775
784015
830393
570282
6507
10073
209458
284660
183623
916882
142717
454469
2142
431633
704375
38427
821930
73170
865098
175052
59639
894116
117986
311028
674394
443436
2407
95184
406157
56937
5942
862169
424327
94868
758335
747252
605006
495641
535009
14635
943
199875
56057
320009
56562
605663
106868
319788
63106
388575
94704
460138
328507
23685
415149
69834
45383
87881
319391
612457
243743
212171
755027
162737
7356
368643
67347
797453
622239
824349
54745
919332
897773
31966
243158
773949
664407
502904
52037
933248
237416
924025
630467
57305
422233
670626
8482
951064
169000
312447
8204
134830
95049
125692
368124
734717
427378
262901
868374
14718
779752
48442
762556
701524
333702
319914
487300
475054
114542
913052
717461
358397
762376
125048
732235
889873
94794
878016
140555
365642
340428
63062
573894
218561
740303
224238
380190
31046
131219
525101
76460
243355
644769
864740
76507
194138
281748
1630
70583
223027
7944
77853
165675
113507
9279
143392
132268
296827
9454
70687
3728
673125
350946
50477
2833
9574
287524
334304
535531
195274
28881
79183
1057
18156
655340
52026
54156
168685
244085
598271
31491
70716
161319
16199
150363
181781
898084
305026
240275
8057
487751
232279
24204
17906
288126
2579
128439
312730
656568
782483
11285
437657
47764
63392
144046
316872
3223
53454
913047
117928
295843
596201
39307
350455
54710
383857
768132
823082
737218
70807
42322
779573
186956
144789
18442
277832
291951
861365
23988
5133
79176
56690
618665
585720
9329
416841
90728
158895
94723
97651
732825
13019
769956
751383
341219
11606
227126
151387
70803
556275
91096
1795
249221
859733
628885
680287
176179
20184
684457
156286
642536
890971
555029
98523
901689
918298
15666
59013
774242
53114
224741
397947
252308
249541
761773
665970
952214
146727
377358
350622
16556
200202
472568
6004
687821
13811
54115
272998
105554
154038
648782
880109
639649
95203
805886
48304
463495
3439
118792
311767
94430
200434
397851
159575
388327
13115
501654
133991
95348
61556
122596
376805
278774
128305
657038
116328
73140
679721
199995
71810
275950
378857
171911
209272
255197
4206
73841
61762
313780
834113
113696
5796
945317
246715
43375
511516
424116
878442
168458
51699
15346
730747
117024
650740
387058
60815
10442
42854
319933
230761
118869
82052
31054
265664
491634
808159
722183
51197
222903
701899
268178
689976
67969
130216
80279
15038
672181
319636
301178
309876
135194
67018
686899
455015
82440
476998
112513
644011
25286
722223
218974
228531
67319
189734
799390
82311
369848
416436
65588
31881
495803
425892
268762
171365
201772
927473
1517
781701
35531
6975
49418
833335
174120
507
38450
941331
615709
121483
717415
850093
955381
306265
236562
419948
53968
532853
6904
125153
332214
744351
45314
51974
13529
448013
96891
86670
85789
762047
862202
645911
254109
482033
4919
318308
221316
822982
792320
36117
823424
8241
204731
85518
70265
22801
98443
269110
268856
120077
190214
816778
539985
150020
420223
231000
72727
158905
136282
335061
879967
226071
836905
9039
303572
655031
68209
73808
695686
800657
119891
742055
755941
400874
268850
781090
24314
11411
450867
456734
66893
7271
835838
405125
867440
26012
843274
768202
646365
245051
67486
501309
10573
792919
96474
180165
726131
202946
456446
3083
596187
594755
384769
53764
772844
570631
195515
764338
345828
64695
45291
163047
283218
935816
204041
724443
93571
23497
26364
515863
878557
6006
248106
854646
122143
350226
773315
100546
155457
8857
862206
656846
822230
158623
14592
583292
140076
78407
535021
464308
349709
258193
45546
147996
13918
74514
127556
211467
98712
74641
485966
446793
128173
106591
641891
936581
758699
756647
101516
248222
253303
75126
59785
198220
284080
7348
351684
320124
106515
73366
309793
108392
902979
6260
869066
83892
456798
85184
452506
8290
11500
918924
236827
17083
108436
476443
304203
323365
64197
3790
194059
145063
91022
334745
197156
255053
111490
764485
446733
401756
236913
331904
509417
12071
97557
464252
922460
195708
268173
387874
107648
263538
704337
830672
737235
332472
43962
412588
564779
357107
933793
50799
900103
526878
909585
708881
795995
665932
902543
199430
163064
950478
487291
264579
682394
843009
300310
533494
180175
875839
85713
411839
3922
637904
723697
585503
760009
132451
843229
371789
272668
287651
855668
529128
617426
680679
255313
245493
32303
523493
716972
196114
899235
268125
883507
433410
231728
577618
882850
391290
892523
339381
356370
847087
466386
767202
664389
196117
837857
273209
426449
921397
769461
811571
453191
785675
755259
350752
135521
151066
918226
848557
778449
309191
279444
704
130728
930455
473483
724468
918519
487101
61837
376684
881474
527678
563387
270404
893273
337885
224963
310653
482473
429040
423903
780535
693057
94953
40287
761891
74412
684254
298585
200664
756849
910170
94615
840618
641213
687885
912043
922324
852489
31130
803108
303670
235029
48945
948689
1526
433464
353656
224978
632976
17524
827618
62893
6167
664772
331178
231165
667659
773894
236409
274701
245906
816963
361875
282782
694024
275174
161236
247534
634815
650063
431051
581729
111684
571386
160595
599665
498015
220401
54215
688999
754457
375858
162722
11497
311356
879803
520096
801124
502337
675611
28611
940657
820922
443917
866295
243797
319541
22222
247994
483851
494798
132308
369693
244618
13412
745482
889519
264077
393806
96061
612561
132007
905264
589463
956179
40755
254014
775377
714959
45324
74349
247724
284845
312065
343363
320055
245544
256648
354584
458539
632758
662169
865170
924487
293156
180816
349516
945231
883689
313256
316339
774648
399156
824686
11629
912485
867494
768118
144980
872244
526893
938085
497154
764639
785679
897804
622936
8066
298814
609744
423264
683404
662175
761527
314666
84905
669359
395286
483083
12989
416170
344310
11448
488299
284798
741980
786867
806627
749271
552792
802456
248415
899725
875666
850790
693257
82261
432322
49427
923250
160938
224691
324968
873660
186937
517472
600595
579772
891623
448917
715856
275360
876121
427163
944089
767052
457215
610703
599977
501486
12376
727098
260643
720059
42941
132755
34715
634778
33604
711294
940371
861817
131927
549473
919600
197876
898561
291539
408520
834172
387831
288296
314513
918858
63940
800038
129380
278124
663920
448623
835139
165982
72050
363769
95833
430033
389220
19180
246534
538676
42609
914756
84332
787924
577785
255476
244393
150717
845258
356031
642869
165738
824301
10283
950798
61789
809352
174358
786534
690863
955435
531338
654868
123048
516399
162996
714526
58520
674388
432111
87157
932290
520373
145658
162093
63882
105171
356877
117214
666452
824442
22238
652050
777860
94037
214819
341707
956632
607428
933330
276063
743015
267846
776134
415816
640211
673122
344495
347416
128398
903358
58036
603868
272060
758114
274882
732642
607471
681244
786555
562223
867435
899102
693540
511073
212243
944414
205446
552679
822617
840403
345216
870218
648972
460188
466368
830959
633129
710782
44039
105015
113670
912997
707096
945683
348028
583581
823131
408173
14922
802784
420987
193903
414490
359314
662607
203192
102606
937364
898759
787953
683392
931891
874233
942329
927166
285921
450742
28223
204752
282768
828425
837043
538195
360800
257787
935627
246924
317474
751597
877120
424411
374861
190219
440599
754772
369054
676763
854648
493623
508209
615721
466869
754633
898822
422551
95448
66912
724204
907968
6497
151125
375565
744197
453679
324640
523793
650898
338528
476846
185356
734342
160417
401939
114303
542848
886140
810143
766122
437544
604384
439421
900141
458148
770043
404928
747164
687857
353720
279925
152341
844168
248364
902733
828385
613934
742182
33950
783567
734736
123223
41318
431155
93887
711747
150895
15729
835400
405726
5085
692364
208434
160065
454339
518936
244039
842309
946688
333976
864021
160273
534545
358352
13074
125803
904753
429965
848516
483298
802051
863569
62948
319146
475633
40564
759750
685409
59027
437743
172785
437494
716923
671321
582248
636609
329049
111542
13328
271114
779950
695458
55129
9679
445003
364549
103197
661812
827576
446301
8974
476836
125566
552088
870769
188827
877238
676037
657072
898751
38827
645919
571841
609549
492440
763461
26451
381266
941842
606715
746002
119394
22043
50982
475770
100884
106239
54961
737750
15007
657127
551956
199170
206100
346994
423652
724478
432782
386786
317192
285602
814814
760889
908248
570656
742231
167740
575202
818808
22207
454043
759637
5045
728890
791694
782214
894213
89408
280749
122964
563940
439053
153181
904472
596724
486808
24880
614898
799018
857199
190725
276413
110567
73910
410676
596718
95237
853999
895301
238053
612409
56641
730950
761896
8072
601064
5450
863507
498753
625806
245879
172838
927968
95012
59292
682716
462198
611378
809130
376682
134766
770066
485161
381730
642866
693701
446768
56571
236120
919996
296650
314834
638612
309708
121963
647065
638552
24237
669365
358725
66446
648987
386705
711083
559112
400645
889654
242711
801411
598192
619862
533476
99117
786229
145171
550547
800229
3519
523609
73868
297065
44519
35607
130807
335422
28768
875830
696479
605858
488139
175603
115036
145745
582240
420858
426095
275446
257842
322403
473535
746287
737640
262991
919718
463587
857163
906683
315027
520499
762291
244568
282940
866222
95174
840406
600139
743372
251242
734332
937321
253913
54708
684317
323047
244449
75913
863887
367572
34550
179337
460602
848921
848474
169
380545
709902
845232
511293
221253
900573
213165
545231
156235
189054
130340
536233
135447
932899
844387
379189
126777
275055
957271
291722
505007
467025
858964
769586
698781
23771
769865
913685
386600
432197
303131
501812
196248
411179
876030
36761
387843
777690
516267
780345
734942
250978
577770
324399
13620
879777
7064
829764
181436
426353
76782
325510
518452
335399
672819
81773
909280
942687
90341
491616
738390
750536
164250
55408
347599
905281
437172
314818
314097
911330
728508
385915
374632
681046
954123
118606
542230
133782
533597
921452
714469
420614
896984
606718
653091
769735
797285
110521
378985
846126
269286
272606
752708
633273
324275
314729
121543
117408
681282
864616
831107
795655
86836
818401
894674
227610
842053
724298
7641
939388
340854
164429
633166
938295
867534
669836
234368
85941
349422
58060
241948
810295
85326
795354
693164
900617
426333
62850
351009
561445
672139
948236
2883
762040
848151
738484
786322
284682
629743
285733
853043
79202
715375
95607
84065
726337
614639
472600
605864
156125
413913
84592
146412
62441
677552
67258
832537
350477
755226
567823
105603
336187
99478
258075
536084
897653
237246
677942
576375
756216
920658
129788
591527
364833
770822
26806
803129
76072
891040
277686
684586
47415
716421
533838
240586
350991
51591
725260
211205
712347
106633
184
153666
824328
407677
181615
48374
799699
883281
501718
669430
174938
600087
784850
239395
422732
239303
926842
275946
902194
760167
4521
113834
760432
82053
356572
454522
107382
799179
69319
604687
677484
402179
141839
319454
504856
755158
849713
805853
255229
759677
721553
192905
373710
380050
693608
538199
480142
475359
204141
24841
809776
450539
620543
493603
490102
538872
786886
858126
759693
110480
379848
784086
421138
829965
823715
164452
205009
239425
315148
128444
306230
755995
489236
807205
825028
580581
775118
687665
366166
319915
898540
496109
837764
229602
546833
459645
216003
105144
546386
691724
73742
577086
375757
686791
908299
397535
690443
272519
529118
305335
754934
129482
449044
862536
906733
823759
842640
23387
79240
805052
658060
461007
487008
316844
625179
907749
743283
606192
919556
932544
217819
635378
239548
19729
170297
334595
926069
84926
301853
4873
84828
42840
155852
356909
242027
748041
934422
64403
900094
619759
517365
115692
886550
834616
123688
760285
505640
480326
29689
115344
739913
512895
97718
127848
398679
355679
739968
254261
209697
27918
373610
279017
520999
370232
3322
61856
19188
38013
879472
207674
292282
678403
343841
125671
757576
678544
859598
598411
779472
480301
591070
551330
97948
174084
691061
797785
633263
442003
196383
301147
737748
863972
19186
818784
527900
706366
154284
464244
904158
93421
761522
398595
597693
657878
944895
415956
239230
76032
307103
313576
278894
839398
276572
143832
799387
29131
536330
814911
54728
84583
44668
20274
279700
336164
155354
356262
436840
547491
945942
851150
792308
944806
87141
479870
901041
180880
303462
63094
237391
309353
459840
364873
254241
855654
166089
20004
771228
75829
79443
302488
489359
40871
246260
818329
673703
12420
758197
397277
701306
636965
740615
86778
337461
530703
476479
693273
90816
157359
288483
590798
23531
64398
450924
524068
510600
379905
65351
456992
111856
600861
755543
120527
661651
215820
187305
246287
159426
108596
539117
68706
243683
260030
445193
785567
857369
368612
475327
843109
18320
24075
174952
307728
2713
491729
705014
937884
287253
549055
420734
930988
724089
749442
844963
889074
659614
529093
930716
504362
196225
917035
255143
802010
20568
945133
52072
319920
270621
703768
849664
906863
819929
1620
196198
64145
272921
587401
247472
946526
230781
668344
804875
822974
662031
894793
944197
26635
887172
102981
39137
268302
492664
847161
527993
67418
520579
1407
630546
841645
47323
41582
952022
36920
447681
151254
184619
638822
301304
521340
350169
80896
927429
308619
442991
849099
328139
157899
919846
420592
306827
23320
126038
193174
331455
612994
128250
932831
798990
869585
433089
117196
744421
339885
277564
288129
65858
338166
368683
118104
945473
873723
787943
71264
550584
674518
235216
571946
307918
182655
14446
859756
899646
416820
215987
891751
542382
128473
937211
161311
788414
772294
16599
499364
842599
732512
894180
672645
463938
321924
851243
389870
200020
923695
429000
477253
670964
43405
109379
647466
46492
171134
831766
788224
199433
722279
299206
570381
707260
45586
129259
232758
792542
665765
132109
832549
355089
423043
134726
675619
467130
209518
416027
13342
246229
949419
639833
314788
71328
791420
534390
402638
818272
134113
263231
537523
831369
425687
445209
224219
569900
768177
721461
9994
877171
851351
812830
831196
328723
952115
436930
584373
420497
391677
949494
738700
475568
773493
832483
861990
23750
124357
215795
850334
470643
580557
802884
401770
414282
805955
83976
148944
886144
559415
194096
784449
164699
446477
800756
323551
422699
787155
446530
590221
779167
806803
212662
436713
850950
374554
78696
948021
255983
740287
152975
875522
895672
772421
442539
432077
518791
434006
138617
473625
366127
715552
948183
85151
750344
480072
514306
659364
255463
311942
126306
776377
837730
165899
589320
205946
534373
342022
7595
159414
34902
99917
163665
467075
442751
185373
296736
950921
440591
14723
814796
367438
727136
83525
451697
65634
517561
109002
93315
915899
640950
295617
911550
951561
3605
647930
866398
54483
129326
934779
810926
250994
734947
926205
228381
12507
188615
7574
291088
851756
368151
761140
123240
775691
141818
85644
758973
166881
288199
654569
649444
897411
703795
171102
185410
870292
869672
690747
125146
265311
150887
207174
11480
354744
3832
383100
9183
430325
85911
251934
777921
711284
472334
479221
766238
675902
37140
1109
180615
387767
939706
124697
896125
555334
625501
47529
281367
65576
451742
33065
391007
946857
665771
552755
930006
125730
909238
678517
674078
696363
94247
777516
626626
158123
810571
880214
614724
409570
666811
856421
634812
36844
471962
90558
743181
77138
926465
160519
114612
497960
607344
577624
773926
876850
904958
518838
192764
578613
835523
839840
292623
736394
824588
857670
42370
43884
531296
34481
769603
522182
476864
575285
314399
801763
167256
96305
763892
636004
349592
119078
232461
950578
421071
108739
13349
78297
167583
16363
289656
841070
463880
529151
73695
210907
912
498
466579
151413
466417
70161
808247
317299
167288
889216
1118
783865
180806
316281
927496
100518
141643
518888
272506
626122
952957
23763
339712
876074
923716
103502
876760
662712
501038
113647
681965
117994
313261
542512
724283
118954
99021
197429
247925
69141
364123
243806
767109
892374
950022
941688
479561
498191
436157
619431
891315
516546
793432
70698
525338
7178
135593
667777
15130
894347
445774
556922
370977
173065
924940
139766
124
67624
896692
490971
8194
110335
105297
943613
526802
931424
826035
136122
635605
569923
62143
926797
353926
951886
35122
486290
167538
397694
233849
228006
538413
523596
54048
337844
112155
95396
110260
562714
171999
945760
947372
285333
318247
472555
720213
621712
617408
156465
461556
72120
884865
3691
7243
540508
891398
687336
6735
831339
939444
751949
315677
12322
142364
307826
609862
173734
909129
410466
134295
364249
439040
578492
663591
336404
442116
279947
434165
93448
271343
426388
175176
907238
871503
286881
701439
936711
905273
413058
678246
902121
949400
260381
425716
485524
859356
775062
455928
450230
429516
97900
624916
62383
789333
386240
313191
208600
32189
332278
232769
937847
95590
265397
896286
102645
359975
21406
927326
872511
13669
318967
900438
160361
648003
455993
849184
778622
606920
740468
870831
316865
863548
730355
12986
377387
663641
406856
37984
622565
627547
946881
819815
633401
668491
274615
939351
383210
924321
127830
42041
610708
654752
354408
446607
524544
291573
862576
88094
205847
632635
749614
12108
506178
735287
309460
362501
917
285411
68339
617517
883449
474155
36687
115522
556399
650405
280590
542601
285942
72635
563471
11638
69997
828853
336973
916445
233327
622719
75163
518597
786002
898507
485397
309859
182823
458988
582303
470842
793135
234491
747881
149849
49141
18712
912809
93587
81081
941791
875446
863701
589330
46231
769480
726735
349854
914562
322208
3753
309365
230765
151434
588563
743537
858197
774256
731432
681770
394222
103969
37615
115768
434353
276810
943008
456137
61912
338242
200642
488050
157590
685311
114038
346963
321063
245948
54069
254873
783841
485776
761199
694905
631432
477481
24647
97775
499363
817836
726085
509408
682288
204227
854725
593492
847789
430281
38222
306826
138473
454079
235951
327893
894695
325410
327317
886512
817790
125013
732927
943973
263968
595839
834875
245775
167845
7518
740081
600040
425773
300271
573216
830601
815404
287131
208566
9041
80360
132223
848684
433022
46538
446418
601373
789699
914300
199903
4549
105004
319024
271315
639573
632701
842712
55585
437698
67860
942657
471733
635286
922941
528272
246184
543700
925896
531161
635019
364922
516401
13033
461055
496044
428494
405463
374700
416149
64479
432779
133126
935264
902167
383439
864133
35784
105475
864883
433430
559285
458837
654505
205079
504905
6813
71164
338392
47494
456700
864169
841865
18487
32247
296455
125284
849950
889593
26249
74410
28614
347313
77781
891149
737820
827619
703670
591962
755680
619528
450580
75574
209799
448236
88617
111973
655933
939517
217801
779109
374557
878822
826164
714502
27802
298753
452468
561618
338665
802065
60203
524148
925431
368381
848539
367875
33186
952603
812695
4609
174694
601132
65073
121131
753615
719072
75064
42728
926929
134211
597928
484906
482798
786126
728071
588444
718568
22968
328740
432665
611207
559011
813286
455461
481586
949137
141660
898551
414865
461264
550569
432736
831841
82405
881602
668197
485818
767878
509422
895601
570101
14520
64862
311528
173796
432280
747006
495868
564633
650460
376485
130642
4256
3957
331126
107882
338569
693170
750813
404688
251126
423191
273129
386028
63599
678250
115594
896956
704134
796012
556876
29387
247311
30488
224588
486899
141225
598067
875846
228016
38813
869611
4476
222385
881674
777116
189029
207341
396379
295473
66990
745057
649535
787883
390502
193887
262154
637844
835745
5926
805293
840022
144809
677963
532234
279356
297812
823729
33174
295854
14873
248127
618664
515184
14953
32354
718735
94813
4749
823072
919189
249555
439126
714744
573547
482995
37264
687725
438725
90267
437387
311423
925404
733320
133997
488305
955023
783930
791805
945497
792867
505086
317615
54778
152599
422314
244963
703536
917085
749685
311870
15889
888043
570825
703135
734115
227547
706060
802860
420561
635498
810492
918857
489367
148463
957945
453263
398070
802768
167584
64463
486814
298632
78135
373604
395302
870152
726632
114046
87150
482791
643090
541321
743202
686920
700788
9474
805359
285490
824533
203120
313171
56074
897381
837931
703477
48240
722311
556496
328238
921472
583283
769154
231249
365311
154306
615477
579626
578612
743063
621105
342481
249415
649751
106307
831382
359581
377383
58124
606428
663756
239201
133342
954223
615754
777500
864026
103231
31707
669881
656155
295900
701732
93128
119022
808313
32048
246242
656221
175569
408214
15892
234594
37376
877808
614902
799074
139961
457697
417121
81744
200161
550490
185283
916163
210973
760222
84609
635772
19105
522227
38993
262698
774121
63684
596821
938062
375988
274149
786775
82130
532683
136764
184128
831199
88308
581528
608614
480541
592134
426807
58059
538533
63737
917668
369711
97334
76844
70060
294545
910290
386146
9725
671456
865490
897286
949047
27930
7475
128001
477494
467972
4144
750490
496414
66355
834227
329559
59108
916305
350373
486929
723568
6714
137644
875600
461336
836046
126816
860955
300457
931987
331418
470570
817619
762596
538205
418891
505067
240348
515624
830014
458759
213900
772668
454105
339513
5894
396248
669446
74227
279850
543637
758
857155
547965
690515
25834
308038
96449
153013
416441
901656
9857
714633
520712
581442
383518
729176
601153
328381
84326
679631
576982
433277
113651
74391
744371
86502
197018
136923
701326
848512
19973
499049
163020
426786
769296
639806
560400
278596
46004
855417
505585
262542
151829
364609
52707
835121
62158
479681
640850
54860
628382
343517
653070
564222
151165
366059
54840
899584
336046
120705
838015
446706
832935
875069
33350
372678
159552
486228
126722
904541
611851
771464
818688
385672
826229
333722
438011
226974
10894
884908
630265
56647
803091
937945
298202
308315
316358
725106
145727
43193
911337
260851
680379
570658
519615
529291
390312
212928
431266
398616
765167
717216
627759
13603
442784
577399
409501
816657
232640
678478
162441
99819
756534
270179
109533
118731
450602
187284
287574
740178
823806
164877
692699
908927
326343
732122
361099
132124
7327
658791
678516
543971
759032
40052
112773
52870
161139
5966
859785
79590
714653
80727
542309
787304
445795
480205
177664
64181
292872
803614
119522
642698
185256
872232
579647
64969
812729
138716
501448
794899
440519
483871
768263
8265
840299
522216
160575
44342
415164
479538
414676
567569
513057
863367
33372
862217
179173
922994
848329
466013
151684
146418
160812
181493
813414
527619
61516
276370
112422
930401
314489
811599
756005
830603
949093
718996
502122
757497
308232
418964
920817
263718
855903
581093
483751
595933
770017
849658
518632
156138
861245
757862
821398
755624
592201
431441
946884
886862
717292
906433
206563
311561
474877
793690
288138
516630
150903
699648
659674
323221
281527
580989
127628
633622
27054
771347
948988
811685
477402
909162
40887
145993
526301
240561
593389
6118
758130
780304
185052
526746
885317
792288
62303
172888
223276
634383
724885
519141
905360
734726
734532
897645
685302
5980
521948
229744
245837
386395
756590
212804
445375
743429
277253
575407
501308
110377
630523
663916
620747
731662
632063
260616
121778
516186
812581
786240
210924
152857
584616
771323
134691
653031
879744
276377
847200
864215
121336
803280
715482
800940
495932
655841
602495
138829
260477
319309
66382
67671
710038
945215
422672
638613
72095
467456
441009
438
449163
786495
56346
751861
813398
904790
474961
721794
249450
250941
526123
422578
432179
602987
497872
659212
486665
359235
583231
18228
672007
511473
120916
896637
100152
444628
603906
874720
778199
940928
505512
24404
634960
382729
131950
303422
348436
516675
575116
327991
505502
304115
588967
704857
602973
225903
336156
837768
723217
25470
721101
316306
286648
777031
107843
284847
861913
639921
523439
780014
451230
905116
33194
462265
202929
181806
16573
81923
365787
795504
353219
518643
186139
256814
699439
60258
953590
955655
834219
546338
30779
509273
656888
172385
307996
107275
674878
216643
710076
422547
444780
844255
370925
665111
413492
934935
299352
151034
859252
563902
738835
14933
893820
777700
818703
583206
394515
365864
227040
703288
197024
582341
457109
174813
160225
479620
478978
747422
339587
43205
801233
622715
158682
132948
786170
81731
774171
111650
18119
440745
255598
921534
912177
623236
372238
524690
151683
426790
424641
729196
742581
267853
305191
265409
504654
44945
305321
625601
278474
935900
13054
126183
667861
249543
386255
18114
475984
577237
446447
909535
20154
779993
132721
575307
502390
682015
677886
166980
579173
449145
721059
17980
622264
786982
841062
943690
95057
2111
422650
309566
949665
926202
716539
636450
957295
591228
37563
911491
251956
9538
741376
473025
593813
812577
188308
791609
542024
676963
268063
19688
199447
66692
40960
861325
107365
946284
579716
555045
5139
560636
427573
940810
49897
831703
491284
25967
815930
661723
784926
427602
331093
635159
919082
754881
597293
861043
775598
157873
64362
278637
488871
340186
25976
460386
281896
178131
76259
440183
792513
333949
138916
542828
842487
451595
822572
658287
20411
840767
504863
606757
162990
411886
511442
668954
626489
587648
653729
440037
307196
924777
452479
205359
474896
420194
383713
408224
799314
751613
7108
333037
10746
481080
373420
840996
913094
643137
169563
96599
56608
24415
163461
243799
56702
572979
14608
53
716889
501010
947154
911909
113652
383189
691108
819625
897391
21885
58218
43002
823096
665807
157741
228959
659530
541800
647689
343638
28283
636505
763803
137813
733374
889554
65867
258158
136300
220146
924682
295758
704065
177263
832846
941726
281626
920325
11653
60505
268321
570175
281716
233050
153329
41981
805299
670682
98721
763123
204858
521998
755681
23335
830792
832667
86409
707384
648066
20439
7967
891042
150798
161133
861755
107893
899172
7625
197846
527228
57911
689702
848788
391026
344412
722983
388857
133748
47982
833791
633662
678258
107747
809052
719800
426303
916759
771322
473721
901890
598187
539477
777413
941737
196210
701518
563960
36470
422364
940811
103788
762717
337336
661277
18447
524030
17427
58523
337421
105190
282241
395889
685472
948690
444487
830156
127346
358137
11007
619084
577960
861720
56933
894009
334545
938183
536461
677533
649752
416191
291266
7685
217450
438722
703165
898236
570488
406761
701180
357266
437839
418521
759174
228910
43030
344856
310518
502462
263034
901459
3460
455989
847093
597974
55242
390970
340294
669367
744388
10838
52835
846017
441828
86800
915619
934566
63729
631262
654203
402728
949628
115482
424101
38721
420554
896943
274652
941476
240173
887683
505846
2182
364081
926648
402252
421039
309632
440327
10213
953097
822898
395406
220389
746461
841748
638393
28092
412170
937844
17951
451444
862049
52478
326395
698541
136288
807651
498805
1744
271488
208619
691642
203029
109298
346171
834203
137820
318661
544810
12491
728598
384195
549757
9543
26729
283632
919182
3275
694343
621106
438703
273193
111547
308256
460279
5764
161996
638987
348596
949288
280366
824827
71957
926868
914128
321328
951656
9345
914912
96222
686794
603890
571114
946
932461
580003
232342
544763
284578
2705
290765
798074
39404
612232
434374
456410
66991
38665
107969
504752
856500
471043
768910
725844
686885
103484
477483
618243
653829
476043
38010
25801
951352
31244
356033
577710
755561
264909
276367
544402
447683
121416
902381
953492
528044
53756
633443
263181
469377
42411
579488
659635
223249
916303
18160
274592
645362
346091
9019
268348
607811
594084
629284
863889
137691
83733
297445
23700
913813
65700
771836
709141
101995
472856
262795
55587
924600
312749
412067
592674
822940
4611
792266
832273
337064
34000
699463
650077
7876
851761
957982
231586
255852
147178
872548
149974
952960
827028
930959
334236
329854
75369
829969
42335
19991
445682
360281
666033
9797
473409
891699
113348
478202
600366
651131
245901
625835
765724
204691
283
891086
460286
10045
550342
107496
576167
692954
339030
735163
474414
951558
426315
230418
668988
923702
20207
13249
205368
547905
707315
900658
412706
415826
493752
108991
738482
96797
10188
490024
835051
108986
333663
660037
108898
438525
55757
221396
711518
445420
785477
498343
425931
83036
767184
746047
307903
368012
828288
436459
902484
683985
555955
556527
45700
161508
43785
489306
27037
639558
438709
41346
322092
525036
713542
947074
685065
494276
64593
8715
614661
342556
837694
677817
916077
483264
60491
317321
593328
721842
779497
321873
798702
685248
836210
105072
199586
20482
746252
598086
5789
13335
14434
347486
518399
833777
328300
208560
613117
675607
372034
230231
129962
12299
398148
169135
456194
491860
786525
607713
10472
54688
911952
29599
186994
379858
595365
777758
490456
917080
910211
662424
579599
85268
927108
829498
18556
889274
484695
13285
942969
164802
957753
779416
835584
106114
955571
119399
221223
55541
319310
955483
5516
197333
20370
926661
893676
399768
265039
343696
429256
440344
819546
342693
867694
5579
369304
188811
237779
314493
310644
438761
707473
70566
54662
116820
96991
324139
21678
659461
767415
552977
919960
420607
828992
341886
81069
504322
919438
728710
855644
820923
424688
491203
713310
277623
49102
568343
9154
684061
917815
509084
351032
263833
544418
13357
372126
13878
2892
544223
164990
53725
7918
40540
438768
17133
633077
406603
494756
7623
311564
725533
926730
75533
49107
579827
57751
148976
949420
779769
403792
409453
909160
252167
653115
957023
787295
552494
924130
841663
919267
684206
107609
828311
830209
482131
413108
711820
129270
853992
9658
904842
151681
317797
51848
223267
896739
807304
898400
451829
687500
687567
102742
436828
412984
449548
606590
10260
54032
546661
663927
24125
391774
951719
725305
911463
950494
653582
690397
876404
692795
913677
456469
64353
655756
936247
612780
740010
168621
405786
8948
627144
921062
387632
362294
86457
447239
804882
354231
316337
241890
32069
859668
76743
867371
78575
634194
164856
663932
746013
9029
687748
448525
430166
9783
751437
727008
823852
644329
395343
569814
336261
628100
387754
70626
284608
775082
72336
596567
13204
135947
108276
456291
106
429277
575544
749900
789997
333801
753099
629757
633442
285361
741369
732247
833885
767695
841998
471066
410693
685351
488457
64577
896481
310101
841012
370997
89229
55530
260078
825618
862004
28672
453974
153371
49082
711978
746071
628315
16763
779200
523504
743542
292451
618212
649968
915660
426963
396056
466384
569843
874957
408617
648777
317719
252227
555569
625979
581928
109615
426207
432784
52541
386831
340101
688205
284948
147015
837328
892202
787663
64527
716347
716755
60932
611583
27841
571814
12566
5817
852283
509521
726525
18152
945802
282280
482433
205294
259735
39133
2558
230111
128244
573218
316527
436414
625703
693318
563640
42886
514344
28248
405867
94007
284949
424903
463674
60588
921347
486567
743682
277676
676613
394731
343727
251838
108583
12872
822848
665055
467442
63735
543138
829060
866905
167023
278080
946879
280927
919866
35456
900122
134704
27619
361974
345387
30132
829598
428359
59876
284231
434512
73747
19764
17625
875340
57218
623775
948047
467757
853595
680475
365810
406551
480112
174625
204559
426503
150
524724
609026
574764
588806
685473
926812
278902
924050
245015
220298
819453
588879
750168
21089
106953
704105
336407
292091
797783
314613
710080
856739
54599
648961
22273
892473
904007
635846
949143
277680
807643
35018
399876
327998
507407
487849
611460
55640
801855
458301
608557
723771
426272
744368
335351
126114
618334
106055
765622
503752
335706
385155
760294
946872
38283
857294
7931
339608
332450
12268
55483
823086
839628
615638
136752
650307
272494
277621
1493
189069
543886
755881
543759
450814
461509
560326
596225
689888
891639
594001
651404
289221
526971
771825
5192
53459
779596
430896
298548
895403
876784
571858
403746
721572
109518
468336
765486
876036
866999
664024
10243
863407
24559
353994
251788
521024
96505
627319
26079
693129
502330
854237
955751
388808
906406
792339
106183
469974
459559
25174
107973
678848
441710
845031
957468
947340
225751
919682
301001
116696
67658
150976
427799
96851
926226
17305
587806
132316
147604
738
660129
225
328195
38476
9583
798708
232816
240427
88350
7199
347449
98528
658084
1164
9606
382878
233831
833146
638137
85938
27694
663837
682915
156553
496781
620682
131762
25590
203814
531898
909530
862334
220948
563970
301648
955475
886626
65116
92450
625553
677717
432881
578722
12886
821078
958177
234179
582272
24315
21004
906294
11049
574069
836574
571486
836758
872152
47478
181175
343224
64035
848911
909228
337392
927553
832403
2856
178496
79448
450770
422494
509485
367747
497675
81591
7593
4310
927209
460047
382368
720000
769384
915457
610325
102812
785457
609982
271660
935973
63588
265065
920450
24460
796993
600119
55742
854800
893255
309801
594862
460153
853296
790340
76081
651711
857521
904579
296628
24200
930044
591703
488
50877
828897
619785
599340
60879
671339
52844
556378
626529
898217
139080
420407
49826
770231
303998
754453
12176
772428
326198
850910
446431
498122
346477
640852
602778
429326
424245
93787
323015
636741
834683
308245
158801
715678
765091
5693
19221
120752
728168
550377
285117
65815
423232
143446
118629
3336
4296
425200
375809
866381
571427
55603
162863
274880
872877
942244
16572
315307
917119
11187
54744
10886
168169
733539
509937
916772
866032
53666
608570
81723
453148
480233
720015
338054
569868
832849
678485
349217
698444
64384
647210
145790
159229
899800
365525
274906
900679
769165
876162
937360
264085
567726
19579
449372
702892
559548
938601
129478
930257
106355
421771
251597
35911
11505
563969
879074
477021
48199
633315
106488
924680
335951
40081
285064
96640
671202
19569
136944
934137
109200
105675
933139
106707
288609
795559
65510
230310
631552
562202
52235
444775
421056
362367
10827
408257
16633
450961
26098
490905
634861
868020
556763
848340
672970
158188
683603
590470
291418
632495
569873
661184
16732
644766
955765
741083
667083
687745
196426
95183
474234
3362
941514
169320
681406
121055
778275
631358
628312
5434
925914
93210
1463
12414
890968
96556
255412
944829
289002
695839
957072
381862
25881
65824
305997
457313
878383
42130
7410
760218
399080
64180
617324
926725
696422
940723
768120
67293
943051
834612
679104
215425
349888
331990
339633
891009
382950
18803
11054
943988
489344
501709
11536
330198
950440
315590
9663
150384
830514
129401
541987
597542
944804
635085
310486
151023
21409
364994
716616
905129
214007
867124
734199
3114
53734
275312
102350
202209
18715
689558
283112
333647
626142
492050
178245
137447
402161
58416
854026
473436
37802
499112
926739
955428
134588
734446
645443
602868
842787
449
441655
364633
426491
629950
66984
831043
310062
626327
741560
775015
244395
188918
479303
147442
108173
732312
411295
784654
43053
58473
546901
857269
375614
743024
450550
303026
218382
466693
479679
902764
574277
680316
841
80655
8274
832333
109014
86213
616334
625534
874759
757639
531892
273142
340496
22637
216104
268200
494261
333872
802358
199291
743617
48585
728615
36754
106171
256221
792276
447616
815977
231360
606486
46396
485051
322820
764457
918646
446104
936118
280555
239305
208158
383046
283216
79262
629131
538091
603863
738279
314785
947237
18898
9911
34703
519849
708895
581699
103702
545779
85894
260171
807992
851099
914321
602492
819765
485112
82362
105014
456306
304593
202870
850149
850212
580982
902909
173399
11182
219344
854018
7701
475097
685066
71
307726
841084
912781
411916
889037
161390
14607
58358
251302
624833
18759
744164
298535
620358
135276
386913
874774
57203
580965
44999
23379
415519
157452
57033
699701
665953
16770
5929
317662
542224
796506
163677
456511
561371
598125
704934
559279
844709
665416
359334
420441
649830
349168
437572
129362
461524
431919
935676
78564
24102
631824
6144
660528
875088
862452
446553
495363
270396
793082
9744
17483
327594
842141
681964
743467
447860
305485
742897
166567
572005
952690
771926
100397
305619
23666
485229
749423
291920
290155
354640
3409
822946
221040
705605
501254
471810
102676
668800
127510
60587
224008
16947
686617
947347
165380
754914
318578
85623
420927
243153
837296
907725
738273
550439
502449
673230
147553
926915
542228
284517
878313
1947
490187
149516
727703
13536
891239
728673
305405
435625
792108
851721
390239
375873
518539
60459
742353
650540
24878
373438
605727
157584
817235
661505
413029
823257
53525
198803
420720
70642
307824
876198
450545
55574
735970
609318
278824
733940
423658
600318
72119
691917
8286
6897
37007
846895
682286
128807
867395
402561
442690
735939
18680
176486
806535
278763
387907
674225
411332
178568
735752
248439
922258
690273
11211
221537
846143
300623
47063
14706
167437
293900
482279
395203
141122
433554
24838
915207
229842
941220
539142
568889
738999
22284
273908
339580
246088
779244
146507
713942
101325
21115
243795
486529
696871
66986
524857
202739
168960
343710
55507
579073
894230
437270
281526
667234
92937
270217
406054
455488
625505
800898
753064
472023
508032
327615
74259
626541
696572
729354
173472
5677
508098
404498
103255
830273
519237
604176
115846
916481
870347
765570
660634
957559
84636
888286
625550
578561
779635
786610
898145
284703
330960
813272
485393
359270
587311
914050
890547
756339
153109
638916
342682
563300
788943
666844
954188
8117
229906
279671
367804
741212
52544
950222
451534
914871
619411
65221
713535
451923
310287
6015
275197
41389
951020
218759
109315
260414
70302
460147
56711
504150
9753
786793
104030
505861
281265
136230
2732
872000
223462
150630
220701
568519
726858
330417
285316
689762
289976
233039
295561
8520
357186
429262
661681
157510
916290
512353
425706
805999
25653
941578
8756
875635
2280
779814
703122
210559
621051
186876
573511
830224
850349
919158
10160
232749
44981
846715
840084
101520
62595
681962
482511
42462
321229
686325
551256
41952
684485
843468
128336
558898
831438
735921
946044
861102
107397
947208
591736
684247
296930
743422
580683
358400
587381
503876
4785
817914
745230
14852
601203
102518
13600
419847
312075
560288
692445
251803
14637
926425
436811
824234
619713
263362
65834
660013
939821
521444
369838
339683
13267
48839
439853
932698
78785
736678
420844
555771
28005
945371
705837
330547
566418
213464
451138
70684
891082
642962
16473
519850
690825
53986
429416
497893
442330
804844
523519
437971
163945
849945
650749
502442
422416
733381
503282
755643
249124
838173
32757
45939
862046
540929
5297
631246
820191
105653
353440
44619
709735
66917
115152
817974
49033
301378
780309
420932
722210
752201
894030
880487
649002
340638
656029
767811
1677
949579
714884
332250
176452
826679
509456
940859
947561
428009
422322
757211
916843
205016
693929
310063
657713
955465
892416
697090
587828
8218
847326
957560
20269
617311
750759
437005
832997
642845
647966
86167
819840
942632
566097
915650
456770
717565
233764
24675
443640
780195
570072
314448
687491
223730
809621
86099
570137
658763
149616
55586
812872
596178
901323
420121
132426
616526
223831
75490
517499
588036
60745
874793
555837
706525
492138
475295
794964
202789
682932
101801
709505
927676
24985
28222
825761
93053
96580
204073
904061
32311
502630
236999
693702
420456
941565
107387
910042
99123
410470
188668
165125
875838
547891
4621
516973
214450
22680
332223
893996
897941
676133
244978
124465
1621
832243
603083
426734
508146
778921
633779
828167
913642
894696
233239
445363
804852
824518
80121
942018
443068
93797
602540
649922
757931
311940
674135
100207
174299
75305
253499
90452
422708
489199
910001
292854
571479
894516
861046
267110
41218
504544
841851
154154
396072
26884
628451
878343
126217
415234
6230
427311
316522
910405
379847
338052
917015
1740
55694
62371
369803
172931
50611
42983
210874
109019
771822
619649
9482
55790
390965
617363
630637
20416
2155
165064
141895
806724
269449
426788
10315
387439
900623
249516
656862
689114
387612
818020
95629
15710
473551
373531
479955
616271
285491
31842
845660
55522
3874
707303
431751
895743
410907
398283
445777
700132
935532
13794
950303
876454
257959
957587
6355
12495
797445
626226
885718
23317
256309
783882
12118
93749
820702
71124
163935
314393
727495
271248
831796
521055
52542
853882
913628
541023
1930
543430
67412
9643
491067
162023
24950
432081
800636
34877
42227
941750
498819
170900
5400
739761
897283
680742
660904
860453
501051
543104
834877
697300
50379
185753
694431
792952
48917
637564
196108
104908
139213
82512
304596
556898
448781
893221
957469
129377
18575
16978
823448
831004
61719
804838
547366
638820
222091
1855
84485
263284
271076
54668
92678
11889
233106
281806
469369
771865
335672
846634
773444
376033
408110
792087
814959
825723
458769
335589
822972
684
9520
771399
837710
383007
252336
149553
168054
446328
745918
568248
274847
609022
777131
354970
31144
485624
828700
238753
2820
845
860916
887596
6358
112357
66971
570051
807767
491508
547238
121324
54542
428974
104935
807945
541106
155264
290902
513628
2276
828895
319894
931389
4745
286141
578638
113504
4406
146394
585409
268055
412654
60045
74044
956184
67480
445797
42969
474856
480284
296915
672395
632645
943888
922769
268883
956738
864950
551179
894361
780987
932696
16176
396120
28400
928097
24606
419500
546230
118150
677907
54458
558903
584617
779786
807875
740999
224255
765644
791744
383052
640398
783765
106298
4967
429045
130703
16630
323773
720255
88342
712762
2870
81132
373504
52985
52444
633996
38963
426084
19137
55747
684408
376
173059
430337
167057
165901
436034
537580
7519
57039
400915
733049
275406
836427
831250
840057
650097
379186
511398
200203
464342
862
903948
276970
1743
459547
501917
44318
463846
478446
284420
12260
292151
442979
229673
949475
611663
569261
555579
552731
881572
314628
153897
496073
447682
506633
161682
648622
822737
274611
604387
547809
737819
162
461211
563950
35074
502377
476656
349239
846094
132
116340
30912
507713
807940
472864
654317
713174
580891
364108
27974
881476
896039
97041
348584
438474
229120
433969
17921
129214
261967
364497
619165
250956
491369
288078
11849
829204
681967
190704
157213
941188
745204
521321
775702
544918
185871
169355
586235
280521
13470
882291
254955
950528
547700
957447
956052
926144
893830
13569
223947
164657
284603
889441
303019
498973
738603
489201
682075
52353
425734
39802
462996
501554
119336
426246
786585
318890
288586
903864
87103
676609
285757
942698
287072
503399
722488
824868
670969
171447
862189
546824
301389
491402
734268
944059
30710
675401
819770
910330
667113
824161
12699
683105
930261
801871
442842
18435
165010
456445
336123
421705
733486
613913
356706
222048
394412
735156
17953
790419
373542
9636
900497
10653
676429
804246
755523
467042
183085
914832
423294
445022
23394
172402
657235
36020
522674
654436
75854
660449
922292
674226
440026
45550
305911
875369
168355
618510
445183
438620
716338
314758
602219
58276
761396
562771
816810
906829
578420
428156
576480
386171
803488
121280
449866
297120
153333
827240
618614
349210
50872
591723
451028
838351
543904
46521
843
729165
344508
46652
594692
508088
680499
320965
64507
432902
130995
284622
455890
539824
318958
442416
317287
737596
375580
595368
126207
697396
64500
547660
580700
822814
551180
137229
36873
180602
455126
854466
54717
13903
652882
49001
11363
372686
921593
93303
886768
59062
689637
499850
634462
579707
861576
226000
403806
402861
514119
125627
287123
70123
722920
618333
16783
18526
76577
837957
684528
117880
492106
354075
452572
730877
78119
683341
461298
108897
2329
2206
669188
602439
754570
921567
835137
467946
146420
909974
937816
60485
751752
64270
167547
9578
618196
59722
156930
346891
421390
179309
505063
230233
476773
587251
912171
19064
703069
17550
735130
695356
914698
26213
900055
7416
3272
55420
748403
1509
822641
664705
472137
113167
584492
108872
164238
43093
856026
629557
250853
418842
911073
738236
448209
507847
633316
10053
395777
710248
923189
727012
444966
418378
20998
22017
545042
592830
941810
823050
38856
896976
387871
6631
327721
751170
228978
677988
911386
331899
356929
192870
560317
692802
795092
146577
660717
18921
509286
813299
345927
424173
307267
111481
442899
51039
864968
692473
446065
955268
52539
320047
745485
8266
127546
276549
298624
427564
619791
521
721817
664768
13082
615923
20458
650371
419141
849963
738553
365939
617143
6291
99252
355215
6324
793329
735233
101847
310071
326495
204246
848481
618697
924527
554334
694025
616221
749393
579927
334765
17287
161870
307079
238797
276116
940071
272399
629823
16692
927718
217534
457386
12004
585747
107902
393234
929620
428492
867049
468955
676706
525022
119453
752091
6145
156784
781487
504288
922341
769100
673756
58040
31012
456767
441110
546495
593479
834648
339124
550484
752235
779402
456309
396078
898471
799285
603787
768034
512664
43970
277249
88424
687839
404406
181017
86309
946077
840540
55938
604358
98016
760475
841856
316307
422006
24639
50852
848148
764364
476965
765704
919839
395837
456002
491471
35772
283627
107995
447759
754478
772550
327412
782858
145395
107202
688941
708843
877050
955267
920996
954957
376656
703717
955146
600373
26896
757676
940161
496065
497577
571678
11663
354676
939148
103105
21320
620831
749679
617249
270953
675543
